0.000000000000000000e+00 1.044019456026957641e+03
-1.850539000963792205e+03 1.191704274631100816e+03
-2.446141777342185378e+03 1.343582982607369786e+03
-3.041744553718715906e+03 1.495461690583638983e+03
-3.637347330096177757e+03 1.647340398559907953e+03
-4.232950106474570930e+03 1.799219106536176923e+03
-4.828552882852032781e+03 1.951097814512445893e+03
-5.424155659228563309e+03 2.102976522488715091e+03
-6.019758435606025159e+03 2.254855230464983833e+03
-6.615361211984418333e+03 2.406733938441253031e+03
-7.210963988361880183e+03 2.558612646417521773e+03
-2.043353652226831764e+04 2.688342376147252253e+03
-1.859614013680815697e+04 2.868211551138378582e+03
-3.181584919582959265e+04 2.997211094772068463e+03
-2.998895221828669310e+04 3.179757618782008194e+03
-7.649266544311214238e+04 3.357657503998965694e+03
-2.049816294778222218e+05 3.357657503998965694e+03
-2.572986372566996142e+05 3.435659761363325288e+03
-3.236065833306759596e+05 3.485649424861431271e+03
-3.899021944359103218e+05 3.532493671330441884e+03
-4.108564743196675554e+05 3.688593015422283770e+03
-4.620758586810901761e+05 3.781430961918767480e+03
-5.285375513297375292e+05 3.870626001958083179e+03
-5.949736929717063904e+05 3.953305535294278343e+03
-6.657709343991214409e+05 3.993093656508288404e+03
-6.780407708870349452e+05 4.201183654842187934e+03
-7.034082005056515336e+05 4.371084318551483193e+03
-7.697399354479145259e+05 4.427140143462843298e+03
-8.360099955464703962e+05 4.467468883228732011e+03
-9.022769719028407708e+05 4.507011268737346654e+03
-9.685430671900156885e+05 4.546328981601024680e+03
-1.034805638200407848e+06 4.584748003884963509e+03
-1.101068209210799076e+06 4.623167026168901430e+03
-1.167326815409808420e+06 4.660575021550629572e+03
-1.233585862143415958e+06 4.698095353254825568e+03
-1.299841825134838931e+06 4.734829330701750223e+03
-1.366097347591663711e+06 4.771450971826204295e+03
-1.432351107910097577e+06 4.807623267660789679e+03
-1.498602665555541404e+06 4.843233881883035792e+03
-1.564852901597190648e+06 4.878507487137879252e+03
-1.631102697104242630e+06 4.913668756070256677e+03
-1.697351171007500961e+06 4.948493016035226901e+03
-1.763598323306964710e+06 4.982980267032798110e+03
-1.829845475606429391e+06 5.017467518030368410e+03
-1.896089984698306769e+06 5.051280751093132494e+03
-1.962334493790183216e+06 5.085093984155896578e+03
-2.028578562347462401e+06 5.118794880896191899e+03
-2.094821749835546128e+06 5.152271104991553329e+03
-2.161064496789030731e+06 5.185634992764446906e+03
-2.227305922138722148e+06 5.218661871569936920e+03
-2.293547788023011759e+06 5.251801086697895698e+03
-2.359789653907300904e+06 5.284940301825854476e+03
-2.426030198187796399e+06 5.317742507986408782e+03
-2.492270742468292359e+06 5.350544714146962178e+03
-2.558512167817983776e+06 5.383571592952454921e+03
-2.624752271563882474e+06 5.416261462790540463e+03
-2.690993256378976163e+06 5.449176005273564442e+03
-2.757234681728667114e+06 5.482202884079055366e+03
-2.823474785474565346e+06 5.514892753917142727e+03
-2.895150593796503730e+06 5.560593813104570472e+03
-2.908331000259043183e+06 5.755854165610260679e+03
-2.908926603035421111e+06 5.907732873586530332e+03
-2.909522205811798573e+06 6.059611581562799074e+03
-2.910117808588176500e+06 6.211490289539067817e+03
-2.910713411364553496e+06 6.363368997515337469e+03
-2.911309014140930958e+06 6.515247705491606212e+03
-2.911904616917308886e+06 6.667126413467874954e+03
-2.912500219693686813e+06 6.819005121444144606e+03
-2.913095822470063344e+06 6.970883829420413349e+03
-2.913691425246441271e+06 7.122762537396682092e+03
-2.914287028022818733e+06 7.274641245372950834e+03
-2.914882630799196661e+06 7.426519953349220486e+03
-2.915478233575573657e+06 7.578398661325489229e+03
-2.916073836351951119e+06 7.730277369301757972e+03
-2.916669439128329046e+06 7.882156077278027624e+03
-2.917265041904706974e+06 8.034034785254296366e+03
-2.917860644681083504e+06 8.185913493230565109e+03
-2.918456247457461432e+06 8.337792201206832033e+03
-2.919051850233838893e+06 8.489670909183101685e+03
-2.919647453010216821e+06 8.641549617159371337e+03
-2.920243055786593817e+06 8.793428325135639170e+03
-2.920838658562971279e+06 8.945307033111908822e+03
-2.921434261339349207e+06 9.097185741088178474e+03
-2.922029864115727134e+06 9.249064449064446308e+03
-2.922625466892103665e+06 9.400943157040715960e+03
-2.923221069668481592e+06 9.552821865016983793e+03
-2.923816672444859054e+06 9.704700572993253445e+03
-2.930848019248338416e+06 9.876680874672263599e+03
-2.985948350530626252e+06 9.986552406064598472e+03
-3.052462907331023365e+06 1.008922780480003894e+04
-3.118961164351298939e+06 1.018774675960416789e+04
-3.185450170145017095e+06 1.028390665163648009e+04
-3.251930805781375151e+06 1.037793215354190761e+04
-3.318400868587383069e+06 1.046926158370811027e+04
-3.384861680166834965e+06 1.055823195110249253e+04
-3.451312799985132180e+06 1.064473091940258746e+04
-3.517753787507677916e+06 1.072864615228592447e+04
-3.584185083269069903e+06 1.081008998607497415e+04
-3.650606687269308139e+06 1.088906242076973649e+04
-3.717019040042989422e+06 1.096567579269267662e+04
-3.783424784797702450e+06 1.104060411977860349e+04
-3.849821278325858992e+06 1.111317338409270633e+04
-3.916207199023665860e+06 1.118304657666758794e+04
-3.982586511702503543e+06 1.125123472440545447e+04
-4.048956132620188408e+06 1.131695147304903185e+04
-4.115316942845913582e+06 1.138042149524325760e+04
-4.181671585587269161e+06 1.144231880892293520e+04
-4.248016536567470059e+06 1.150174472350832366e+04
-4.314354438994104043e+06 1.155937325693423008e+04
-4.380684411797976121e+06 1.161497973655572059e+04
-4.447006895513683558e+06 1.166867649869525849e+04
-4.513324092814216390e+06 1.172102522496518577e+04
-4.579630717284399085e+06 1.177067787949589001e+04
-4.645931174270210788e+06 1.181875782551204429e+04
-4.712225023237053305e+06 1.186515272669118713e+04
-4.778511823650330305e+06 1.190975024671084611e+04
-4.844793337648431771e+06 1.195299973086089085e+04
-4.911067362558368593e+06 1.199433949752899025e+04
-4.977334779449337162e+06 1.203399421936007093e+04
-5.043594266717542894e+06 1.207162688738673569e+04
-5.109846705432182178e+06 1.210746217425391660e+04
-5.181850485624788329e+06 1.217657266232362235e+04
-5.194928327085926197e+06 1.240590233760965202e+04
-5.195523929862303659e+06 1.255778104558592167e+04
-5.202536299126340076e+06 1.272492207470686299e+04
-5.257426236267424189e+06 1.278114310009244036e+04
-5.323665458944126032e+06 1.281360829728559293e+04
-5.389896751998065971e+06 1.284405144067432775e+04
-5.456120555963841267e+06 1.287258486658111178e+04
-5.522338192445245571e+06 1.289954558397334768e+04
-5.588547018234691583e+06 1.292425957491623376e+04
-5.654749676539766602e+06 1.294740085734456989e+04
-5.720943083618286066e+06 1.296818307700108562e+04
-5.787129882677836344e+06 1.298728025182058809e+04
-5.853310514253015630e+06 1.300480471812554242e+04
-5.919481454067041166e+06 1.301985778533620942e+04
-5.985646226396696642e+06 1.303333814403232645e+04
-6.051803509638186544e+06 1.304490878524649452e+04
-6.117954625395306386e+06 1.305490671794611626e+04
-6.184095608856673352e+06 1.306232091522898190e+04
-6.250230865368268453e+06 1.306827474031976453e+04
-6.316347178892152384e+06 1.306939810354444307e+04
-6.360695564359620214e+06 1.307411622908808386e+04
